100     576
200     584
300     578
400     566
500     545
600     558
700     567
800     588
900     534
1000    585
1100    583
1200    572
1300    567
1400    504
1500    502
1600    524
1700    502
1800    500
1900    499
2000    497
2100    497
2200    497
2300    512
2400    501
2500    496
2600    495
2700    495
2800    493
2900    492
3000    492
3100    517
3200    493
3300    492
3400    491
3500    490
3600    490
3700    490
3800    490
3900    510
4000    489
4100    488
4200    487
4300    486
4400    485
4500    486
4600    485
4700    508
4800    485
4900    486
5000    484
5100    484
5200    483
5300    502
5400    484
5500    483
5600    489
5700    482
5800    490
5900    484
6000    487
6100    512
6200    498
6300    486
6400    517
6500    487
6600    487
6700    512
6800    543
6900    537
7000    537
7100    533
7200    537
7300    538
7400    537
7500    523
7600    468
7700    513
7800    541
7900    514
8000    522
8100    498
8200    494
8300    468
8400    468
8500    521
8600    475
8700    471
8800    467
8900    467
9000    481
9100    482
9200    463
9300    529
9400    541
9500    547
9600    530
9700    523
9800    549
9900    524
10000   479
10100   461
10200   519
10300   515
10400   540
10500   549
10600   531
10700   538
10800   518
10900   502
11000   459
11100   459
11200   462
11300   459
11400   506
11500   505
11600   506
11700   522
11800   525
11900   523
12000   482
12100   461
12200   451
12300   452
12400   473
12500   481
12600   487
12700   479
12800   497
12900   454
13000   443
13100   463
13200   470
13300   465
13400   440
13500   448
13600   469
13700   456
13800   438
13900   438
14000   437
14100   437
14200   437
14300   437
14400   440
14500   442
14600   463
14700   440
14800   434
14900   433
15000   434
15100   432
15200   432
15300   431
15400   423
15500   445
15600   442
15700   429
15800   429
15900   429
16000   429
16100   431
16200   428
16300   428
16400   439
16500   443
16600   427
16700   426
16800   425
16900   425
17000   425
17100   425
17200   424
17300   423
17400   445
17500   423
17600   422
17700   422
17800   422
17900   421
18000   421
18100   420
18200   420
18300   439
18400   419
18500   419
18600   420
18700   417
18800   418
18900   418
19000   418
19100   416
19200   437
19300   421
19400   416
19500   416
19600   416
19700   415
19800   414
19900   414
20000   413
20100   416
20200   435
20300   412
20400   411
20500   429
20600   463
20700   440
20800   435
20900   428
21000   409
21100   437
21200   429
21300   434
21400   427
21500   407
21600   407
21700   407
21800   407
21900   406
22000   449
22100   436
22200   455
22300   423
22400   472
22500   436
22600   402
22700   404
22800   438
22900   446
23000   450
23100   475
23200   457
23300   460
23400   463
23500   471
23600   436
23700   421
23800   399
23900   398
24000   416
24100   450
24200   452
24300   441
24400   459
24500   430
24600   428
24700   422
24800   430
24900   459
25000   421
25100   422
25200   417
25300   403
25400   411
25500   398
25600   390
25700   389
25800   389
25900   389
26000   435
26100   434
26200   443
26300   426
26400   453
26500   459
26600   448
26700   442
26800   456
26900   443
27000   450
27100   448
27200   446
27300   456
27400   444
27500   435
27600   391
27700   382
27800   381
27900   380
28000   380
28100   382
28200   380
28300   380
28400   379
28500   453
28600   440
28700   432
28800   446
28900   437
29000   439
29100   445
29200   440
29300   448
29400   438
29500   442
29600   441
29700   440
29800   437
29900   434
30000   437
30100   431
30200   447
30300   443
30400   423
30500   399
30600   369
30700   374
30800   369
30900   371
31000   395
31100   377
31200   368
31300   368
31400   366
31500   366
31600   365
31700   366
31800   365
31900   366
32000   365
32100   390
32200   369
32300   364
32400   363
32500   363
32600   362
32700   363
32800   361
32900   361
33000   360
33100   360
33200   385
33300   364
33400   359
33500   359
33600   358
33700   358
33800   412
33900   404
34000   369
34100   356
34200   357
34300   382
34400   356
34500   354
34600   354
34700   353
34800   354
34900   352
35000   353
35100   353
35200   353
35300   358
35400   370
35500   350
35600   350
35700   350
35800   349
35900   349
36000   348
36100   348
36200   347
36300   348
36400   347
36500   368
36600   346
36700   346
36800   346
36900   346
37000   344
37100   344
37200   343
37300   344
37400   342
37500   343
37600   367
37700   342
37800   341
37900   340
38000   340
38100   340
38200   340
38300   339
38400   339
38500   340
38600   338
38700   348
38800   353
38900   337
39000   336
39100   335
39200   335
39300   335
39400   335
39500   335
39600   334
39700   333
39800   333
39900   346
40000   337
40100   332
40200   332
40300   331
40400   330
40500   331
40600   329
40700   329
40800   329
40900   328
41000   329
41100   348
41200   327
41300   326
41400   327
41500   327
41600   326
41700   325
41800   325
41900   324
42000   324
42100   324
42200   324
42300   346
42400   322
42500   322
42600   321
42700   377
42800   366
42900   361
43000   321
43100   320
43200   319
43300   360
43400   365
43500   367
43600   368
43700   368
43800   342
43900   362
44000   356
44100   357
44200   357
44300   326
44400   315
44500   318
44600   343
44700   323
44800   313
44900   313
45000   312
45100   312
45200   312
45300   311
45400   311
45500   311
45600   310
45700   309
45800   309
45900   337
46000   313
46100   309
46200   308
46300   307
46400   307
46500   306
46600   307
46700   305
46800   305
46900   305
47000   304
47100   305
47200   332
47300   311
47400   303
47500   302
47600   302
47700   302
47800   301
47900   301
48000   300
48100   300
48200   302
48300   299
48400   299
48500   317
48600   321
48700   298
48800   299
48900   298
49000   296
49100   295
49200   298
49300   295
49400   295
49500   294
49600   293
49700   292
49800   293
49900   318
50000   301
50100   292
50200   292
50300   292
50400   290
50500   290
50600   290
50700   290
50800   289
50900   289
51000   289
51100   288
51200   291
51300   311
51400   298
51500   286
51600   286
51700   285
51800   284
51900   284
52000   284
52100   284
52200   283
52300   283
52400   282
52500   282
52600   281
52700   299
52800   281
52900   281
53000   280
53100   279
53200   279
53300   279
53400   279
53500   278
53600   278
53700   277
53800   277
53900   276
54000   281
54100   300
54200   277
54300   277
54400   276
54500   274
54600   274
54700   274
54800   273
54900   272
55000   272
55100   272
55200   271
55300   271
55400   271
55500   284
55600   291
55700   295
55800   314
55900   313
56000   304
56100   292
56200   273
56300   288
56400   314
56500   307
56600   309
56700   316
56800   305
56900   302
57000   292
57100   276
57200   267
57300   267
57400   283
57500   319
57600   313
57700   315
57800   313
57900   316
58000   307
58100   304
58200   299
58300   304
58400   294
58500   296
58600   267
58700   259
58800   258
58900   257
59000   257
59100   283
59200   301
59300   300
59400   292
59500   302
59600   313
59700   318
59800   325
59900   320
60000   317
60100   296
60200   297
60300   294
60400   285
60500   275
60600   251
60700   250
60800   249
60900   250
61000   249
61100   249
61200   248
61300   284
61400   288
61500   282
61600   278
61700   253
61800   246
61900   246
62000   246
62100   245
62200   244
62300   243
62400   243
62500   243
62600   242
62700   243
62800   242
62900   241
63000   245
63100   259
63200   250
63300   239
63400   240
63500   239
63600   245
63700   239
63800   237
63900   237
64000   237
64100   236
64200   236
64300   236
64400   235
64500   235
64600   234
64700   236
64800   252
64900   251
65000   233
65100   232
65200   231
65300   231
65400   231
65500   231
65600   230
65700   230
65800   230
65900   229
66000   228
66100   228
66200   227
66300   227
66400   227
66500   232
66600   246
66700   228
66800   225
66900   225
67000   224
67100   224
67200   223
67300   223
67400   223
67500   222
67600   222
67700   221
67800   221
67900   220
68000   220
68100   221
68200   220
68300   232
68400   228
68500   219
68600   218
68700   217
68800   217
68900   217
69000   216
69100   216
69200   216
69300   215
69400   215
69500   214
69600   214
69700   213
69800   214
69900   213
70000   212
70100   226
70200   224
70300   211
70400   211
70500   210
70600   210
70700   210
70800   209
70900   209
71000   210
71100   208
71200   208
71300   208
71400   207
71500   207
71600   206
71700   206
71800   205
71900   205
72000   222
72100   211
72200   204
72300   204
72400   203
72500   202
72600   202
72700   202
72800   201
72900   200
73000   200
73100   200
73200   200
73300   199
73400   199
73500   198
73600   198
73700   198
73800   198
73900   205
74000   213
74100   197
74200   196
74300   196
74400   195
74500   194
74600   194
74700   193
74800   222
74900   227
75000   227
75100   222
75200   218
75300   217
75400   199
75500   191
75600   191
75700   190
75800   192
75900   208
76000   204
76100   196
76200   188
76300   187
76400   187
76500   187
76600   186
76700   186
76800   210
76900   215
77000   211
77100   216
77200   215
77300   217
77400   209
